18810
58471
107771
108882
189861
196595
217710
234255
236065
252154
285698
309111
311859
317922
336050
368394
370457
371213
422230
431643
546974
553040
590523
599427
663282
680345
702911
710728
740456
762245
801077
809779
827730
842325
867125
868701
873093
878410
879022
884471
927336
946323
972829
974117
979925
990455
1026887
1049252
1063786
1066126
1124920
1131806
1144875
1171824
1174773
1176095
1234570
1241786
1262268
1304419
1320602
1340743
1341102
1358335
1362541
1390785
1395585
1403219
1420068
1439011
1460055
1484158
1489003
1490729
1550750
1551163
1555205
1557392
1559536
1561364
1574948
1576858
1597611
1618100
1621010
1639390
1651356
1653913
1674544
1688499
1719660
1726247
1751620
1756667
1775610
1791783
1795669
1840494
1891510
1897380